006
007
013
015
026
028
029
030
039
048
052
059
060
065
066
067
070
073
074
075
078
080
082
087
092
094
098
099
100
103
104
109
115
118
119
120
124
126
128
129
132
134
138
143
145
146
147
148
149
151
154
159
160
162
163
167
168
173
174
178
181
182
183
191
192
195
196
202
203
204
206
209
217
219
220
223
224
227
232
234
235
236
239
242
244
248
250
251
255
256
265
272
276
277
279
282
283
284
287
290
292
295
299
304
305
308
309
311
315
317
318
319
320
321
324
326
329
331
333
334
344
348
350
352
355
359
360
364
371
374
376
378
380
384
385
387
398
399
402
404
