002
004
005
007
012
015
016
022
024
030
031
034
040
043
056
057
068
069
070
074
075
077
078
085
086
087
089
090
091
095
096
102
108
109
112
116
122
123
124
125
128
129
133
138
139
141
143
144
149
151
154
156
157
158
161
162
163
167
168
169
174
180
184
186
187
189
190
194
196
200
202
203
207
210
211
212
213
214
215
222
228
229
233
234
235
238
239
242
243
247
252
256
259
261
262
266
267
268
269
270
272
276
278
279
280
286
287
288
290
294
296
297
299
303
308
313
314
316
318
319
321
322
324
326
328
331
332
333
334
343
345
349
350
351
352
353
354
355
