004
005
006
007
009
014
016
018
028
036
038
041
045
047
055
056
059
062
065
074
081
084
087
088
090
091
093
095
096
098
099
101
105
106
109
111
114
115
118
122
123
124
126
130
133
137
141
146
147
148
151
154
157
158
163
165
167
169
170
176
177
178
181
182
184
185
186
187
189
192
193
194
195
197
199
204
208
210
211
212
214
215
217
220
221
222
225
231
233
234
236
237
243
245
246
247
248
251
252
254
257
259
260
263
264
265
268
269
273
274
279
281
282
284
285
288
289
291
292
295
296
300
303
314
315
317
318
322
324
326
327
328
332
334
336
337
340
341
345
348
350
351
353
354
357
359
361
363
364
366
373
375
377
379
381
386
389
390
391
